,|ΔΩ_ss|,|ΔQ|,|ΔΩ^B|,|ΔΣ|,|ΔCorr|,|ΔB|
|ΔΩ_ss|,1.0000,0.3311,0.3188,0.2514,0.2574,0.0991
|ΔQ|,0.3311,1.0000,0.1518,0.5375,0.5356,0.2126
|ΔΩ^B|,0.3188,0.1518,1.0000,0.1106,0.1165,0.2158
|ΔΣ|,0.2514,0.5375,0.1106,1.0000,0.9966,0.1395
|ΔCorr|,0.2574,0.5356,0.1165,0.9966,1.0000,0.1429
|ΔB|,0.0991,0.2126,0.2158,0.1395,0.1429,1.0000
